#PUT_DMAPP   PUT_DMAPP   PUT_DMAPP   PUT_DMAPP
    16  1.6 10
    32  1.58    20.25
    64  1.6 40
    128 1.67    76.65
    256 1.68    152.38
    512 1.77    289.27
    1024    1.88    544.68
    2048    2.39    856.9
    4096    3.24    1264.2
    8192    3.6 2275.56
    16384   5.1 3212.55
    32768   5.88    5572.79
    65536   9.14    7170.24
    131072  15.53   8439.92
    262144  28.84   9089.6
    524288  56.27   9317.36
    1048576 108.35  9677.67


#GET_DMAPP   GET_DMAPP   GET_DMAPP   GET_DMAPP
    16  2.04    7.84
    32  2.09    15.31
    64  2.09    30.62
    128 2.16    59.26
    256 2.19    116.89
    512 2.31    221.65
    1024    2.77    369.68
    2048    2.33    878.97
    4096    2.58    1587.6
    8192    2.98    2748.99
    16384   3.76    4357.45
    32768   5.43    6034.62
    65536   8.79    7455.75
    131072  15.38   8522.24
    262144  28.71   9130.76
    524288  55.79   9397.53
    1048576 108.99  9620.85


#ACC_DMAPP   ACC_DMAPP   ACC_DMAPP   ACC_DMAPP
    16  7.43    2.15
    32  7.5 4.27
    64  7.49    8.54
    128 7.5 17.07
    256 7.56    33.86
    512 7.87    65.06
    1024    8.53    120.05
    2048    8.75    234.06
    4096    9.45    433.44
    8192    10.38   789.21
    16384   12.31   1330.95
    32768   16.85   1944.69
    65536   26.56   2467.47
    131072  43.02   3046.77
    262144  81.49   3216.89
    524288  156.97  3340.05
    1048576 304.34  3445.41

