#PNNL comex Put Test
      16                  4.70                3.40
      32                  5.24                6.11
      64                  5.91               10.83
     128                  7.55               16.95
     256                 11.16               22.94
     512                  6.73               76.08
    1024                 10.85               94.38
    2048                  5.70              359.30
    4096                  6.16              664.94
    8192                  7.34             1116.08
   16384                  9.34             1754.18
   32768                 16.41             1996.83
   65536                 24.81             2641.52
  131072                 43.23             3031.97
  262144                 82.52             3176.73
  524288                155.90             3362.98
 1048576                327.67             3200.10



#PNNL comex Get Test
      16                  2.89                5.54
      32                  3.09               10.36
      64                  3.04               21.05
     128                  2.90               44.14
     256                  2.93               87.37
     512                  3.05              167.87
    1024                  3.30              310.30
    2048                  4.05              505.68
    4096                  4.58              894.32
    8192                  5.30             1545.66
   16384                  6.58             2489.97
   32768                  9.16             3577.29
   65536                 14.63             4479.56
  131072                 34.79             3767.52
  262144                 47.61             5506.07
  524288                106.29             4932.62
 1048576                175.52             5974.11


#PNNL comex Accumulate Test
      16                 18.39                0.87
      32                 17.81                1.80
      64                 18.11                3.53
     128                 17.52                7.31
     256                 18.37               13.94
     512                 20.10               25.47
    1024                 20.58               49.76
    2048                 20.23              101.24
    4096                 23.47              174.52
    8192                 28.28              289.67
   16384                 43.45              377.08
   32768                 69.65              470.47
   65536                101.82              643.65
  131072                205.10              639.06
  262144                461.64              567.85
  524288                1034.26             506.92
 1048576                1933.21             542.40

