#PNNL   comex   Put Test
    16  64.38   0.25
    32  1.78    17.98
    64  1.87    34.22
    128 1.98    64.65
    256 1.86    137.63
    512 2.06    248.54
    1024    2.24    457.14
    2048    2.47    829.15
    4096    6.45    635.04
    8192    7.77    1054.31
    16384   12.36   1325.57
    32768   23.11   1417.91
    65536   31.28   2095.14
    131072  62.31   2103.55
    262144  150.65  1740.09
    524288  344.03  1523.96
    1048576 737.35  1422.09


#PNNL   comex   Get Test
    16  3.55    4.51
    32  3.49    9.17
    64  3.83    16.71
    128 3.91    32.74
    256 4.02    63.68
    512 4.59    111.55
    1024    4.9 208.98
    2048    5.28    387.88
    4096    6.9 593.62
    8192    9.52    860.5
    16384   17.07   959.81
    32768   31  1057.03
    65536   59.48   1101.82
    131072  89.38   1466.46
    262144  232.27  1128.62
    524288  526.36  996.06
    1048576 1117.08 938.68


#PNNL   comex   Accumulate  Test
    16  61.72   0.26
    32  1.98    16.16
    64  1.97    32.49
    128 1.99    64.32
    256 1.99    128.64
    512 2.23    229.6
    1024    2.41    424.9
    2048    2.6 787.69
    4096    3.05    1342.95
    8192    3.96    2068.69
    16384   6.75    2427.26
    32768   13.6    2409.41
    65536   38.69   1693.87
    131072  75.61   1733.53
    262144  153.55  1707.22
    524288  349.31  1500.92
    1048576 748.46  1400.98

