#PNNL comex Put Test
      16                  2.86                5.59
      32                  3.12               10.26
      64                  3.08               20.78
     128                  3.07               41.69
     256                  3.16               81.01
     512                  3.32              154.22
    1024                  3.93              260.56
    2048                  3.89              526.48
    4096                  5.35              765.61
    8192                  6.29             1302.38
   16384                  9.77             1676.97
   32768                 15.44             2122.28
   65536                 28.44             2304.36
  131072                 50.85             2577.62
  262144                 97.86             2678.77
  524288                192.64             2721.59
 1048576                381.41             2749.21


#PNNL comex Get Test
      16                  2.98                5.37
      32                  2.64               12.12
      64                  2.56               25.00
     128                  3.33               38.44
     256                  2.86               89.51
     512                  2.98              171.81
    1024                  4.16              246.15
    2048                  3.87              529.20
    4096                  5.48              747.45
    8192                  6.19             1323.42
   16384                  9.69             1690.82
   32768                 15.34             2136.11
   65536                 27.81             2356.56
  131072                 50.15             2613.60
  262144                 96.75             2709.50
  524288                189.16             2771.66
 1048576                375.31             2793.89


